5060558984
5071814420
5077272661
5076628520
5082815129
5080908056
5082815122
5082814763
5081052002
5082815128
5056122244
5082815096
5077272606
5059151691
5073993035
5077286143
5063077032
5060559039
5081135057
5071814366
5060558996
5059151724
5068961302
5057651262
5077286146
5065817530
5082815078
5060558559
5065818770
5058554328
5060430101
5081135055
5062907201
5082564008
5068961303
5062907094
5056337090
5082484071
5077272656
5062907569
5060558910
5064246628
5079260933
5082815135
5082495025
5056338715
5062907089
5081051903
5057651466
5079310926